26.125
26.125
26.125
26.125
26.125
26.125
26.125
26.125
26.125
26.125
26.125
26.125
26.125
26.125
26.125
26.125
26.125
26.125
26.125
26.125
26.125
26.125
26.125
26.125
26.125
26.125
26.125
26.125
26.125
26.187
26.125
26.125
26.125
26.125
26.125
26.125
26.125
26.125
26.125
26.125
26.125
26.125
26.125
26.125
26.125
26.125
26.125
26.125
26.125
26.125
26.125
26.125
26.125
26.125
26.125
26.125
26.125
26.125
26.125
26.125
26.125
26.125
26.125
26.125
26.125
26.125
26.125
26.125
26.125
26.125
31.375
41.312
48.375
53.5
57.312
60.437
63.0
65.125
66.812
68.187
69.312
70.125
70.875
71.625
72.187
72.687
73.062
73.375
73.687
74.0
74.25
74.375
74.562
74.687
74.812
74.812
74.875
74.875
74.875
74.875
74.875
74.875
74.937
74.937
74.937
74.875
74.875
74.875
74.937
74.875
74.75
74.687
74.625
74.625
74.625
74.562
74.5
74.437
74.375
74.25
74.187
74.125
74.125
74.062
74.062
74.0
74.0
73.937
73.875
73.812
73.75
73.75
73.687
73.562
73.5
73.437
73.375
73.25
73.187
73.125
73.0
72.937
72.875
72.75
72.687
72.625
72.562
72.5
72.437
72.375
72.312
72.187
72.125
72.062
72.0
71.937
71.812
71.75
71.687
71.562
71.5
71.437
71.312
71.187
71.187
71.062
71.0
70.937
70.875
70.812
70.687
70.687
70.562
70.5
70.437
70.375
70.312
70.25
70.125
70.062
70.0
69.937
69.937
69.875
69.812
69.75
69.687
69.625
69.562
69.5
69.437
69.375
69.312
69.25
69.187
69.187
69.125
69.062
69.0
69.0
68.937
68.875
68.812
68.75
68.687
68.562
68.5
68.437
68.375
68.312
68.25
68.187
68.125
68.062
68.0
67.875
67.875
67.75
67.75
67.625
67.562
67.562
67.5
67.5
67.437
67.375
67.312
67.25
67.187
67.125
67.062
67.0
66.937
66.875
66.812
66.812
66.687
66.687
66.625
66.5
66.437
66.375
66.312
66.312
66.25
66.187
66.187
66.125
66.125
66.062
66.062
66.0
65.937
65.875
65.875
65.812
65.75
65.687
65.687
65.625
65.5
65.437
65.375
65.312
65.25
65.25
65.187
65.125
65.125
65.062
65.0
64.937
64.875
64.812
64.75
64.687
64.625
64.562
64.5
64.437
64.375
64.312
64.312
64.25
64.187
64.125
64.062
64.0
63.937
63.875
63.812
63.812
63.75
63.75
63.687
63.687
63.625
63.562
63.5
63.5
63.5
63.437
63.437
63.312
63.312
63.25
63.187
63.125
63.062
63.0
62.937
62.875
62.812
62.75
62.687
62.625
62.625
62.562
62.562
62.5
62.5
62.437
62.375
62.375
62.312
62.25
62.187
62.125
62.062
62.062
62.0
61.937
61.875
61.875
61.812
61.75
61.75
61.687
61.687
61.625
61.562
61.5
61.5
61.437
61.375
61.375
61.312
61.312
61.25
61.187
61.125
61.125
61.062
61.062
61.0
61.0
61.0
60.937
60.875
60.812
60.812
60.812
60.75
60.687
60.625
60.562
60.5
60.437
60.375
60.375
60.312
60.312
60.25
60.187
60.125
60.062
60.062
60.0
59.937
59.875
59.875
59.812
59.75
59.687
59.687
59.687
59.625
59.562
59.562
59.5
59.437
59.375
59.375
59.312
59.25
59.187
59.187
59.125
59.125
59.062
59.0
58.937
58.937
58.875
58.812
58.812
58.812
58.75
58.687
58.625
58.625
58.562
58.562
58.5
58.437
58.437
58.375
58.312
58.312
58.25
58.187
58.187
58.125
58.125
58.062
58.0
58.0
57.937
57.875
57.875
57.812
57.75
57.75
57.687
57.625
57.625
57.562
57.562
57.562
57.5
57.437
57.437
57.375
57.375
57.312
57.25
57.25
57.187
57.187
57.187
57.125
57.125
57.125
57.062
57.0
56.937
56.937
56.875
56.875
56.812
56.812
56.75
56.687
56.625
56.625
56.562
56.5
56.437
56.437
56.375
56.312
56.312
56.25
56.187
56.187
56.125
56.125
56.062
56.062
56.062
56.0
55.937
55.937
55.875
55.875
55.812
55.812
55.812
55.75
55.687
55.687
55.625
55.625
55.562
55.5
55.437
55.437
55.375
55.375
55.312
55.312
55.25
55.25
55.187
55.187
55.125
55.125
55.062
55.062
55.0
54.937
54.937
54.875
54.875
54.875
54.812
54.812
54.75
54.75
54.687
54.687
54.625
54.562
54.562
54.5
54.5
54.437
54.437
54.375
54.375
54.312
54.312
54.25
54.187
54.187
54.125
54.125
54.062
54.062
54.0
54.0
53.937
53.937
53.875
53.812
53.812
53.812
53.75
53.687
53.687
53.687
53.625
53.625
53.562
53.562
53.5
53.437
53.437
53.437
53.375
53.375
53.312
53.312
53.25
53.187
53.187
53.187
53.187
53.125
53.125
53.125
53.062
53.062
53.0
53.0
53.0
52.937
52.937
52.875
52.875
52.875
52.812
52.812
52.75
52.75
52.687
52.687
52.625
52.625
52.562
52.562
52.5
52.5
52.437
52.437
52.375
52.375
52.375
52.312
52.312
